0.0010213851928710938
0.0008766651153564453
0.0008549690246582031
0.0009005069732666016
0.000835418701171875
0.0008304119110107422
0.0008940696716308594
0.0009212493896484375
0.003253459930419922
0.0008668899536132812
0.0008392333984375
0.0008449554443359375
0.0008668899536132812
0.0008435249328613281
0.0008265972137451172
0.0008087158203125
0.0014493465423583984
0.0008397102355957031
0.0009198188781738281
0.0008299350738525391
0.0007996559143066406
0.0008208751678466797
0.0008487701416015625
0.0008635520935058594
0.0008516311645507812
0.0008814334869384766
0.0008361339569091797
0.0009145736694335938
0.0008418560028076172
0.0008778572082519531
0.000850677490234375
0.0008490085601806641
0.0007951259613037109
0.0008320808410644531
0.0008561611175537109
0.0009274482727050781
0.0008356571197509766
0.0008594989776611328
0.0008335113525390625
0.0008368492126464844
0.000843048095703125
0.0008351802825927734
0.0009167194366455078
0.0016427040100097656
0.0008268356323242188
0.0008287429809570312
0.0008406639099121094
0.0008347034454345703
0.0008339881896972656
0.0008270740509033203
0.0008697509765625
0.0014145374298095703
0.0008375644683837891
0.0009038448333740234
0.0012989044189453125
0.0008399486541748047
0.005845785140991211
0.0008411407470703125
0.0008425712585449219
0.0008828639984130859
0.0008504390716552734
0.0008351802825927734
0.0009243488311767578
0.0008416175842285156
0.0008358955383300781
0.0009031295776367188
0.0008299350738525391
0.0008456707000732422
0.0008330345153808594
0.001657724380493164
0.0008389949798583984
0.0008254051208496094
0.0008702278137207031
0.0016160011291503906
0.0009684562683105469
0.0008573532104492188
0.0008513927459716797
0.0008487701416015625
0.0008428096771240234
0.0008757114410400391
0.0008351802825927734
0.0008490085601806641
0.0009784698486328125
0.0008320808410644531
0.0008704662322998047
0.0008094310760498047
0.0008296966552734375
0.0008366107940673828
0.0008606910705566406
0.0008349418640136719
0.0008676052093505859
0.0008351802825927734
0.0008261203765869141
0.0008957386016845703
0.0008339881896972656
0.004431009292602539
0.0008401870727539062
0.0008416175842285156
0.0008397102355957031
0.0009396076202392578