0.0011391639709472656
0.0010311603546142578
0.001074075698852539
0.0011756420135498047
0.0010678768157958984
0.001035928726196289
0.0010368824005126953
0.001116037368774414
0.0010309219360351562
0.0010259151458740234
0.001027822494506836
0.0010955333709716797
0.0010333061218261719
0.001041412353515625
0.0010998249053955078
0.0011191368103027344
0.0016460418701171875
0.0010485649108886719
0.0011038780212402344
0.0010287761688232422
0.0010504722595214844
0.0010344982147216797
0.0010271072387695312
0.0010306835174560547
0.0010242462158203125
0.0010366439819335938
0.0010344982147216797
0.0011096000671386719
0.0010502338409423828
0.0010254383087158203
0.0010423660278320312
0.0010540485382080078
0.0010883808135986328
0.001012563705444336
0.0010488033294677734
0.0010485649108886719
0.0011212825775146484
0.0010569095611572266
0.0015344619750976562
0.0010459423065185547
0.0010886192321777344
0.0011332035064697266
0.0010349750518798828
0.0010635852813720703
0.0010423660278320312
0.0010786056518554688
0.0011010169982910156
0.009133100509643555
0.0010750293731689453
0.0010459423065185547
0.0010433197021484375
0.0010752677917480469
0.00103759765625
0.0010514259338378906
0.0010383129119873047
0.0010311603546142578
0.0010838508605957031
0.0011425018310546875
0.001641988754272461
0.0016109943389892578
0.0010402202606201172
0.0010349750518798828
0.0010275840759277344
0.0010304450988769531
0.0010366439819335938
0.0010766983032226562
0.0010759830474853516
0.001043558120727539
0.0010380744934082031
0.0010387897491455078
0.0010309219360351562
0.0011072158813476562
0.0010390281677246094
0.0010764598846435547
0.0010333061218261719
0.001031637191772461
0.0010700225830078125
0.0010874271392822266
0.0010371208190917969
0.0010361671447753906
0.0274505615234375
0.0010306835174560547
0.0010347366333007812
0.0010371208190917969
0.0010383129119873047
0.0010805130004882812
0.0010576248168945312
0.0009818077087402344
0.0010828971862792969
0.001055002212524414
0.0010428428649902344
0.0010280609130859375
0.0010442733764648438
0.0010247230529785156
0.0010213851928710938
0.0011048316955566406
0.0010254383087158203
0.0012216567993164062
0.0011022090911865234
0.0010364055633544922
