2.9621634483337402
2.877246141433716
2.922334909439087
2.9447574615478516
2.918752670288086
2.8860409259796143
2.89068603515625
2.898864269256592
2.9211678504943848
2.9307949542999268
2.9453516006469727
2.9052906036376953
2.9628000259399414
2.89436674118042
2.938837766647339
2.9082183837890625
2.9112141132354736
2.9034171104431152
2.90786075592041
2.891385316848755
2.922433853149414
2.901716470718384
2.8935818672180176
2.8970847129821777
2.897886276245117
2.8980464935302734
2.9204673767089844
2.888028144836426
2.904696464538574
2.9067327976226807
2.888698101043701
2.8887646198272705
2.930739164352417
2.895063877105713
2.9257917404174805
2.9427073001861572
3.01241135597229
2.9031479358673096
2.8822855949401855
2.887885093688965
2.8931725025177
2.9163501262664795
2.9467947483062744
2.8949592113494873
2.893519639968872
2.888234853744507
2.918297290802002
2.9726099967956543
2.917726516723633
2.9167957305908203
2.892909288406372
2.9331247806549072
2.9019134044647217
2.9312784671783447
3.0430333614349365
2.9561355113983154
2.9352946281433105
2.9411802291870117
2.901118278503418
2.8847973346710205
2.9751224517822266
2.9557743072509766
2.9214859008789062
2.9068524837493896
2.913525104522705
2.88480281829834
2.9321322441101074
2.9149656295776367
2.9460785388946533
2.8926594257354736
2.88541579246521
2.881455421447754
2.882284164428711
2.901170253753662
2.8961825370788574
2.9167187213897705
2.898338794708252
2.897191286087036
2.8977348804473877
2.9043564796447754
2.9396708011627197
2.889288902282715
2.8856165409088135
2.8923556804656982
2.945143938064575
2.908621072769165
2.8804965019226074
2.8898444175720215
2.9161264896392822
2.9107000827789307
2.8850715160369873
2.9161417484283447
2.872685432434082
2.893233060836792
2.886620044708252
2.9118611812591553
2.890946865081787
2.8955554962158203
2.9149010181427
2.875748634338379
