0.1450331211090088
0.1421952247619629
0.14302468299865723
0.1434471607208252
0.1415555477142334
0.14162874221801758
0.14122962951660156
0.14492487907409668
0.14515233039855957
0.1458113193511963
0.14218688011169434
0.1450955867767334
0.14176154136657715
0.14377093315124512
0.1420121192932129
0.14195942878723145
0.14170217514038086
0.1416161060333252
0.14136862754821777
0.14264750480651855
0.14138436317443848
0.14312434196472168
0.14305329322814941
0.14188337326049805
0.14173054695129395
0.14162921905517578
0.14131546020507812
0.1415574550628662
0.14554786682128906
0.1436760425567627
0.14142704010009766
0.14177417755126953
0.14149188995361328
0.14088034629821777
0.14344501495361328
0.14118647575378418
0.14182472229003906
0.1412370204925537
0.14566373825073242
0.1440117359161377
0.1414175033569336
0.14200448989868164
0.14191079139709473
0.14140105247497559
0.1416327953338623
0.14329743385314941
0.14153099060058594
0.15197014808654785
0.1426997184753418
0.14397740364074707
0.14160418510437012
0.1437664031982422
0.1408708095550537
0.14458036422729492
0.14146637916564941
0.14305329322814941
0.14301013946533203
0.1412813663482666
0.14155101776123047
0.14258551597595215
0.14272117614746094
0.1434943675994873
0.14421558380126953
0.14170193672180176
0.14425325393676758
0.1416792869567871
0.14150333404541016
0.14142560958862305
0.1421055793762207
0.14252376556396484
0.14192771911621094
0.14173579216003418
0.14387917518615723
0.14168500900268555
0.14329791069030762
0.14513134956359863
0.14095091819763184
0.14379525184631348
0.14336037635803223
0.14402246475219727
0.14262127876281738
0.14333724975585938
0.142808198928833
0.1420905590057373
0.19645166397094727
0.14200615882873535
0.15510225296020508
0.14240431785583496
0.1419210433959961
0.14685368537902832
0.1421511173248291
0.14203381538391113
0.14476490020751953
0.14154386520385742
0.14395642280578613
0.14462780952453613
0.15216469764709473
0.1481335163116455
0.144852876663208
0.1420907974243164
