17.998444080352783
18.959430932998657
18.06163740158081
18.069313764572144
17.866892337799072
17.818002462387085
18.1901912689209
18.19832158088684
17.937108993530273
18.11078119277954
17.92529559135437
17.911612510681152
17.79772925376892
17.966537952423096
18.390628576278687
17.903352975845337
18.279215574264526
17.861897706985474
17.83646869659424
17.766231775283813
18.03087306022644
18.366680145263672
17.956485509872437
18.014322519302368
18.12484383583069
18.1663978099823
18.155740976333618
18.603885650634766
18.16822075843811
18.0593683719635
17.998347997665405
18.186983585357666
18.19083023071289
18.331675052642822
18.544189453125
18.21077299118042
18.13596248626709
18.40580677986145
18.141289234161377
18.2974956035614
18.361072540283203
18.1472327709198
18.892466068267822
18.725771188735962
18.183788061141968
18.650310277938843
18.39310932159424
18.486327171325684
18.15571141242981
18.261525630950928
18.147281408309937
18.210696935653687
18.119219064712524
18.491536140441895
18.162192583084106
18.28826880455017
18.568845748901367
18.181615829467773
18.131126403808594
18.476012706756592
18.122732162475586
18.350399255752563
18.264816999435425
18.23453664779663
17.933668851852417
18.23285150527954
18.27286696434021
18.40810775756836
18.89338755607605
18.607162475585938
17.884111166000366
17.827756643295288
17.9791522026062
18.192692041397095
18.497575759887695
18.430760622024536
18.07337975502014
18.22478199005127
18.630733966827393
17.995872735977173
17.969383716583252
17.998405694961548
18.181427717208862
18.32014012336731
18.2645423412323
18.617284536361694
18.185394525527954
18.20093035697937
18.654533624649048
18.26815891265869
18.484654664993286
18.492382287979126
18.13335871696472
18.103057146072388
18.27293348312378
18.178627252578735
17.94397497177124
18.098986864089966
18.03757333755493
18.28834891319275
