0.19664406776428223
0.18671178817749023
0.196211576461792
0.19198274612426758
0.19281911849975586
0.18734335899353027
0.19304585456848145
0.19174957275390625
0.19044709205627441
0.1938772201538086
0.19263982772827148
0.18919610977172852
0.13203716278076172
0.19294953346252441
0.1327500343322754
0.19309091567993164
0.18568158149719238
0.1855313777923584
0.1884171962738037
0.1351304054260254
0.1295614242553711
0.19289588928222656
0.1867837905883789
0.12953805923461914
0.18945717811584473
0.1901559829711914
0.20159173011779785
0.18805932998657227
0.29001784324645996
0.19319415092468262
0.19219613075256348
0.19019031524658203
0.1909162998199463
0.12994861602783203
0.1943678855895996
0.13077616691589355
0.23159265518188477
0.13421058654785156
0.967369556427002
0.19971108436584473
0.18885231018066406
0.19104981422424316
0.19092607498168945
0.19036197662353516
0.18996715545654297
0.19130849838256836
0.1918346881866455
0.13090920448303223
0.1877760887145996
0.1896672248840332
0.190962553024292
0.1930372714996338
0.13141727447509766
0.1935279369354248
0.1981954574584961
0.19049954414367676
0.19140338897705078
0.18938350677490234
0.19007349014282227
0.1867232322692871
0.12950468063354492
0.19135308265686035
0.18916726112365723
0.19151520729064941
0.18809723854064941
0.1913595199584961
0.1916365623474121
0.13243770599365234
0.18952441215515137
0.1299118995666504
0.12996149063110352
0.20160722732543945
0.1899707317352295
0.13062644004821777
0.13241076469421387
0.18926119804382324
0.19307637214660645
0.18816137313842773
0.1871337890625
0.19982314109802246
0.13688969612121582
0.13012409210205078
0.19516730308532715
0.1942281723022461
0.13593435287475586
0.19082140922546387
0.1897265911102295
0.19510793685913086
0.18846821784973145
0.18766307830810547
0.1937110424041748
0.19951868057250977
0.1622326374053955
0.190690279006958
0.19266915321350098
0.19327306747436523
0.19144058227539062
0.19238686561584473
0.18935322761535645
0.12971258163452148
