1.8564038276672363
1.7716681957244873
1.7638649940490723
1.784754753112793
2.1690409183502197
1.7834982872009277
1.773543357849121
1.768707275390625
1.8196613788604736
1.8624136447906494
1.7933979034423828
1.7764089107513428
1.800053358078003
1.8134353160858154
1.7958855628967285
1.7723002433776855
1.801468849182129
1.7805805206298828
1.7950806617736816
1.7971687316894531
1.7798655033111572
1.7979390621185303
1.7860162258148193
1.7756662368774414
1.7921843528747559
1.7828431129455566
2.0193440914154053
1.7844114303588867
1.8184173107147217
1.795522928237915
1.784691572189331
1.8173651695251465
1.8017644882202148
1.8341336250305176
1.8075456619262695
1.7872669696807861
1.798011302947998
1.7989823818206787
1.791027545928955
1.7909348011016846
1.78639554977417
1.7977240085601807
1.8094215393066406
1.7749919891357422
1.7725989818572998
1.8003358840942383
1.7925677299499512
1.809511423110962
1.7971293926239014
1.7878670692443848
1.7880253791809082
1.8153002262115479
1.7860980033874512
2.1472086906433105
1.7834711074829102
1.7786898612976074
1.7745883464813232
1.8074781894683838
1.7826220989227295
1.7864816188812256
1.7831695079803467
1.7819621562957764
1.7777740955352783
1.7912330627441406
1.7808077335357666
1.778205394744873
1.7781977653503418
1.7930865287780762
1.786691665649414
1.7846159934997559
1.8203191757202148
1.8446409702301025
1.808734655380249
1.813218116760254
1.870893955230713
1.855309247970581
1.8768701553344727
1.9751646518707275
1.777597427368164
1.811659336090088
1.813157558441162
1.8066537380218506
1.8570160865783691
1.7951743602752686
1.864879846572876
1.8696374893188477
1.8143775463104248
1.9462344646453857
1.7948756217956543
1.8305854797363281
1.7877013683319092
1.790865182876587
1.9159109592437744
1.919128179550171
1.8085603713989258
1.8180787563323975
1.831221342086792
1.7841670513153076
1.803255558013916
1.7905068397521973
