35.39224028587341
29.599560499191284
28.78485894203186
29.4670832157135
29.34095048904419
29.605178594589233
29.06758403778076
29.19728994369507
30.664506673812866
29.729289531707764
29.414020776748657
30.36129140853882
29.97992992401123
33.98782706260681
29.972974061965942
29.927091360092163
30.832380294799805
29.582506895065308
29.830103635787964
28.854007244110107
29.335472583770752
30.15359878540039
29.327938318252563
28.79682159423828
28.813082218170166
28.80003595352173
28.73712992668152
28.913524866104126
28.859049558639526
28.877562284469604
29.87220525741577
28.89209532737732
28.716816902160645
28.854564428329468
29.21836805343628
30.289467334747314
29.67908239364624
29.10396146774292
29.51243281364441
29.34280037879944
29.81310772895813
29.196600198745728
29.72857642173767
29.790059566497803
29.157811164855957
29.627927541732788
29.260127305984497
29.47880530357361
29.372124433517456
29.259949207305908
29.498039960861206
29.15841317176819
29.253331661224365
29.300507068634033
29.420599937438965
29.380876541137695
29.362261056900024
29.424888610839844
29.90962791442871
29.174864530563354
29.83629536628723
29.511460304260254
29.155202627182007
29.24946689605713
29.610363721847534
29.18986749649048
29.437313556671143
29.4266037940979
29.394328832626343
29.44781804084778
29.369261503219604
29.047661304473877
29.132562398910522
29.148480892181396
30.32605504989624
29.378512144088745
29.59840679168701
30.177781343460083
29.90716791152954
29.6505126953125
30.201507329940796
29.545928716659546
29.68741226196289
29.549192667007446
29.276323080062866
30.19334864616394
29.32565426826477
29.537861108779907
31.35348415374756
29.52912735939026
29.584722757339478
29.74958324432373
29.780235052108765
29.672176361083984
29.632386922836304
29.492683172225952
29.07314682006836
29.673295497894287
29.372917652130127
29.726573944091797
