96.21998453140259
95.23780918121338
94.09493327140808
95.62133145332336
95.46810054779053
96.87372469902039
96.054931640625
95.882155418396
98.5033130645752
97.6518964767456
97.89432168006897
99.16881108283997
97.40811061859131
98.69088339805603
98.18952870368958
97.71714353561401
98.36758732795715
94.10558247566223
100.27711200714111
97.32722735404968
98.3327248096466
96.21825742721558
99.42641115188599
97.60816812515259
98.66820454597473
95.5968382358551
95.3045403957367
101.85329794883728
101.21854019165039
102.0650372505188
100.40697240829468
103.12130808830261
101.29841327667236
100.07320475578308
100.16693449020386
94.93634390830994
93.94973468780518
94.37145519256592
97.12718105316162
95.07639598846436
97.66333246231079
94.6309700012207
94.6629683971405
94.56210947036743
99.65078902244568
99.0542299747467
97.37176394462585
99.70634198188782
100.61398911476135
101.59464454650879
99.44168043136597
97.71749901771545
96.71881747245789
97.78946948051453
96.20224142074585
95.35354542732239
94.93560457229614
96.9502785205841
100.88174057006836
102.7762565612793
101.44559860229492
98.04487466812134
96.51061367988586
95.82589912414551
96.42696976661682
98.07428860664368
100.06404614448547
98.2928056716919
98.73469734191895
100.91045641899109
98.98441505432129
96.48525309562683
98.77779626846313
98.00634407997131
98.18005299568176
97.0761923789978
99.9879264831543
100.33088517189026
99.61273646354675
101.51267719268799
97.38567900657654
94.60000991821289
95.24775886535645
94.76498603820801
99.25653052330017
96.08057117462158
99.03197836875916
98.19474744796753
98.42317128181458
99.60582542419434
103.43189811706543
103.348473072052
103.75095844268799
101.72645497322083
100.71583604812622
110.27687311172485
105.82065176963806
101.44031858444214
104.44509768486023
100.26756811141968
